2021/02/19-01:41:38.657344 44bc RocksDB version: 5.18.4
2021/02/19-01:41:38.657460 44bc Git sha rocksdb_build_git_sha:@b9a4a10659969c71e6f6eab4e4bae8c36ede919f@
2021/02/19-01:41:38.657506 44bc Compile date Mar 11 2020
2021/02/19-01:41:38.657557 44bc DB SUMMARY
2021/02/19-01:41:38.658048 44bc CURRENT file:  CURRENT
2021/02/19-01:41:38.658100 44bc IDENTITY file:  IDENTITY
2021/02/19-01:41:38.658244 44bc MANIFEST file:  MANIFEST-000004 size: 107 Bytes
2021/02/19-01:41:38.658290 44bc SST files in C:\Users\Administrator\Desktop\nacos\data\protocol\raft\naming_persistent_service_v2\log dir, Total Num: 0, files: 
2021/02/19-01:41:38.658327 44bc Write Ahead Log file in C:\Users\Administrator\Desktop\nacos\data\protocol\raft\naming_persistent_service_v2\log: 000003.log size: 2049 ; 
2021/02/19-01:41:38.658488 44bc                         Options.error_if_exists: 0
2021/02/19-01:41:38.658517 44bc                       Options.create_if_missing: 1
2021/02/19-01:41:38.658531 44bc                         Options.paranoid_checks: 1
2021/02/19-01:41:38.658544 44bc                                     Options.env: 0000020B2DC15840
2021/02/19-01:41:38.658558 44bc                                Options.info_log: 0000020B2C7EAED0
2021/02/19-01:41:38.658571 44bc                Options.max_file_opening_threads: 16
2021/02/19-01:41:38.658585 44bc                              Options.statistics: 0000020B2A1A38F0
2021/02/19-01:41:38.658598 44bc                               Options.use_fsync: 0
2021/02/19-01:41:38.658611 44bc                       Options.max_log_file_size: 0
2021/02/19-01:41:38.658625 44bc                  Options.max_manifest_file_size: 1073741824
2021/02/19-01:41:38.658638 44bc                   Options.log_file_time_to_roll: 0
2021/02/19-01:41:38.658651 44bc                       Options.keep_log_file_num: 1000
2021/02/19-01:41:38.658665 44bc                    Options.recycle_log_file_num: 0
2021/02/19-01:41:38.658678 44bc                         Options.allow_fallocate: 1
2021/02/19-01:41:38.658691 44bc                        Options.allow_mmap_reads: 0
2021/02/19-01:41:38.658705 44bc                       Options.allow_mmap_writes: 0
2021/02/19-01:41:38.658718 44bc                        Options.use_direct_reads: 0
2021/02/19-01:41:38.658731 44bc                        Options.use_direct_io_for_flush_and_compaction: 0
2021/02/19-01:41:38.658745 44bc          Options.create_missing_column_families: 1
2021/02/19-01:41:38.658758 44bc                              Options.db_log_dir: 
2021/02/19-01:41:38.658772 44bc                                 Options.wal_dir: C:\Users\Administrator\Desktop\nacos\data\protocol\raft\naming_persistent_service_v2\log
2021/02/19-01:41:38.658786 44bc                Options.table_cache_numshardbits: 6
2021/02/19-01:41:38.658799 44bc                      Options.max_subcompactions: 1
2021/02/19-01:41:38.658812 44bc                  Options.max_background_flushes: 1
2021/02/19-01:41:38.658826 44bc                         Options.WAL_ttl_seconds: 0
2021/02/19-01:41:38.658839 44bc                       Options.WAL_size_limit_MB: 0
2021/02/19-01:41:38.658853 44bc             Options.manifest_preallocation_size: 4194304
2021/02/19-01:41:38.658866 44bc                     Options.is_fd_close_on_exec: 1
2021/02/19-01:41:38.658880 44bc                   Options.advise_random_on_open: 1
2021/02/19-01:41:38.658893 44bc                    Options.db_write_buffer_size: 0
2021/02/19-01:41:38.658907 44bc                    Options.write_buffer_manager: 0000020B2FECB760
2021/02/19-01:41:38.658920 44bc         Options.access_hint_on_compaction_start: 1
2021/02/19-01:41:38.658934 44bc  Options.new_table_reader_for_compaction_inputs: 0
2021/02/19-01:41:38.658947 44bc           Options.random_access_max_buffer_size: 1048576
2021/02/19-01:41:38.658961 44bc                      Options.use_adaptive_mutex: 0
2021/02/19-01:41:38.658974 44bc                            Options.rate_limiter: 0000000000000000
2021/02/19-01:41:38.658988 44bc     Options.sst_file_manager.rate_bytes_per_sec: 0
2021/02/19-01:41:38.659002 44bc                       Options.wal_recovery_mode: 2
2021/02/19-01:41:38.659062 44bc                  Options.enable_thread_tracking: 0
2021/02/19-01:41:38.659079 44bc                  Options.enable_pipelined_write: 0
2021/02/19-01:41:38.659093 44bc         Options.allow_concurrent_memtable_write: 1
2021/02/19-01:41:38.659106 44bc      Options.enable_write_thread_adaptive_yield: 1
2021/02/19-01:41:38.659119 44bc             Options.write_thread_max_yield_usec: 100
2021/02/19-01:41:38.659133 44bc            Options.write_thread_slow_yield_usec: 3
2021/02/19-01:41:38.659146 44bc                               Options.row_cache: None
2021/02/19-01:41:38.659159 44bc                              Options.wal_filter: None
2021/02/19-01:41:38.659173 44bc             Options.avoid_flush_during_recovery: 0
2021/02/19-01:41:38.659186 44bc             Options.allow_ingest_behind: 0
2021/02/19-01:41:38.659199 44bc             Options.preserve_deletes: 0
2021/02/19-01:41:38.659212 44bc             Options.two_write_queues: 0
2021/02/19-01:41:38.659225 44bc             Options.manual_wal_flush: 0
2021/02/19-01:41:38.659238 44bc             Options.max_background_jobs: 2
2021/02/19-01:41:38.659252 44bc             Options.max_background_compactions: 4
2021/02/19-01:41:38.659265 44bc             Options.avoid_flush_during_shutdown: 0
2021/02/19-01:41:38.659278 44bc           Options.writable_file_max_buffer_size: 1048576
2021/02/19-01:41:38.659291 44bc             Options.delayed_write_rate : 16777216
2021/02/19-01:41:38.659304 44bc             Options.max_total_wal_size: 0
2021/02/19-01:41:38.659317 44bc             Options.delete_obsolete_files_period_micros: 21600000000
2021/02/19-01:41:38.659331 44bc                   Options.stats_dump_period_sec: 600
2021/02/19-01:41:38.659344 44bc                          Options.max_open_files: -1
2021/02/19-01:41:38.659357 44bc                          Options.bytes_per_sync: 0
2021/02/19-01:41:38.659370 44bc                      Options.wal_bytes_per_sync: 0
2021/02/19-01:41:38.659383 44bc       Options.compaction_readahead_size: 0
2021/02/19-01:41:38.659397 44bc Compression algorithms supported:
2021/02/19-01:41:38.659410 44bc 	kZSTD supported: 1
2021/02/19-01:41:38.659424 44bc 	kSnappyCompression supported: 1
2021/02/19-01:41:38.659438 44bc 	kBZip2Compression supported: 0
2021/02/19-01:41:38.659451 44bc 	kZlibCompression supported: 1
2021/02/19-01:41:38.659465 44bc 	kLZ4Compression supported: 1
2021/02/19-01:41:38.659478 44bc 	kXpressCompression supported: 0
2021/02/19-01:41:38.659492 44bc 	kLZ4HCCompression supported: 1
2021/02/19-01:41:38.659505 44bc 	kZSTDNotFinalCompression supported: 1
2021/02/19-01:41:38.659528 44bc Fast CRC32 supported: Supported on x86
2021/02/19-01:41:38.660855 44bc [db\version_set.cc:3508] Recovering from manifest file: MANIFEST-000004
2021/02/19-01:41:38.661083 44bc [db\column_family.cc:474] --------------- Options for column family [default]:
2021/02/19-01:41:38.661116 44bc               Options.comparator: leveldb.BytewiseComparator
2021/02/19-01:41:38.661132 44bc           Options.merge_operator: StringAppendOperator
2021/02/19-01:41:38.661145 44bc        Options.compaction_filter: None
2021/02/19-01:41:38.661159 44bc        Options.compaction_filter_factory: None
2021/02/19-01:41:38.661172 44bc         Options.memtable_factory: SkipListFactory
2021/02/19-01:41:38.661185 44bc            Options.table_factory: BlockBasedTable
2021/02/19-01:41:38.661228 44bc            table_factory options:   flush_block_policy_factory: FlushBlockBySizePolicyFactory (0000020B2C307130)
  cache_index_and_filter_blocks: 0
  cache_index_and_filter_blocks_with_high_priority: 1
  pin_l0_filter_and_index_blocks_in_cache: 1
  pin_top_level_index_and_filter: 1
  index_type: 2
  hash_index_allow_collision: 1
  checksum: 1
  no_block_cache: 0
  block_cache: 0000020B30608B00
  block_cache_name: LRUCache
  block_cache_options:
    capacity : 536870912
    num_shard_bits : 8
    strict_capacity_limit : 0
    memory_allocator : None
    high_pri_pool_ratio: 0.000
  block_cache_compressed: 0000000000000000
  persistent_cache: 0000000000000000
  block_size: 4096
  block_size_deviation: 10
  block_restart_interval: 16
  index_block_restart_interval: 1
  metadata_block_size: 8192
  partition_filters: 1
  use_delta_encoding: 1
  filter_policy: nullptr
  whole_key_filtering: 1
  verify_compression: 0
  read_amp_bytes_per_bit: 0
  format_version: 0
  enable_index_compression: 1
  block_align: 0
2021/02/19-01:41:38.661294 44bc        Options.write_buffer_size: 67108864
2021/02/19-01:41:38.661312 44bc  Options.max_write_buffer_number: 3
2021/02/19-01:41:38.661326 44bc          Options.compression: Snappy
2021/02/19-01:41:38.661339 44bc                  Options.bottommost_compression: Disabled
2021/02/19-01:41:38.661353 44bc       Options.prefix_extractor: rocksdb.FixedPrefix.8
2021/02/19-01:41:38.661366 44bc   Options.memtable_insert_with_hint_prefix_extractor: nullptr
2021/02/19-01:41:38.661379 44bc             Options.num_levels: 7
2021/02/19-01:41:38.661392 44bc        Options.min_write_buffer_number_to_merge: 1
2021/02/19-01:41:38.661406 44bc     Options.max_write_buffer_number_to_maintain: 0
2021/02/19-01:41:38.661419 44bc            Options.bottommost_compression_opts.window_bits: -14
2021/02/19-01:41:38.661433 44bc                  Options.bottommost_compression_opts.level: 32767
2021/02/19-01:41:38.661446 44bc               Options.bottommost_compression_opts.strategy: 0
2021/02/19-01:41:38.661459 44bc         Options.bottommost_compression_opts.max_dict_bytes: 0
2021/02/19-01:41:38.661473 44bc         Options.bottommost_compression_opts.zstd_max_train_bytes: 0
2021/02/19-01:41:38.661486 44bc                  Options.bottommost_compression_opts.enabled: false
2021/02/19-01:41:38.661500 44bc            Options.compression_opts.window_bits: -14
2021/02/19-01:41:38.661513 44bc                  Options.compression_opts.level: 32767
2021/02/19-01:41:38.661526 44bc               Options.compression_opts.strategy: 0
2021/02/19-01:41:38.661540 44bc         Options.compression_opts.max_dict_bytes: 0
2021/02/19-01:41:38.661553 44bc         Options.compression_opts.zstd_max_train_bytes: 0
2021/02/19-01:41:38.661566 44bc                  Options.compression_opts.enabled: false
2021/02/19-01:41:38.661580 44bc      Options.level0_file_num_compaction_trigger: 10
2021/02/19-01:41:38.661593 44bc          Options.level0_slowdown_writes_trigger: 20
2021/02/19-01:41:38.661606 44bc              Options.level0_stop_writes_trigger: 40
2021/02/19-01:41:38.661620 44bc                   Options.target_file_size_base: 67108864
2021/02/19-01:41:38.661633 44bc             Options.target_file_size_multiplier: 1
2021/02/19-01:41:38.661646 44bc                Options.max_bytes_for_level_base: 536870912
2021/02/19-01:41:38.661660 44bc Options.level_compaction_dynamic_level_bytes: 0
2021/02/19-01:41:38.661673 44bc          Options.max_bytes_for_level_multiplier: 10.000000
2021/02/19-01:41:38.661689 44bc Options.max_bytes_for_level_multiplier_addtl[0]: 1
2021/02/19-01:41:38.661702 44bc Options.max_bytes_for_level_multiplier_addtl[1]: 1
2021/02/19-01:41:38.661715 44bc Options.max_bytes_for_level_multiplier_addtl[2]: 1
2021/02/19-01:41:38.661729 44bc Options.max_bytes_for_level_multiplier_addtl[3]: 1
2021/02/19-01:41:38.661742 44bc Options.max_bytes_for_level_multiplier_addtl[4]: 1
2021/02/19-01:41:38.661755 44bc Options.max_bytes_for_level_multiplier_addtl[5]: 1
2021/02/19-01:41:38.661769 44bc Options.max_bytes_for_level_multiplier_addtl[6]: 1
2021/02/19-01:41:38.661782 44bc       Options.max_sequential_skip_in_iterations: 8
2021/02/19-01:41:38.661795 44bc                    Options.max_compaction_bytes: 1677721600
2021/02/19-01:41:38.661809 44bc                        Options.arena_block_size: 8388608
2021/02/19-01:41:38.661822 44bc   Options.soft_pending_compaction_bytes_limit: 68719476736
2021/02/19-01:41:38.661836 44bc   Options.hard_pending_compaction_bytes_limit: 274877906944
2021/02/19-01:41:38.661849 44bc       Options.rate_limit_delay_max_milliseconds: 100
2021/02/19-01:41:38.661862 44bc                Options.disable_auto_compactions: 0
2021/02/19-01:41:38.661876 44bc                        Options.compaction_style: kCompactionStyleLevel
2021/02/19-01:41:38.661937 44bc                          Options.compaction_pri: kByCompensatedSize
2021/02/19-01:41:38.661954 44bc Options.compaction_options_universal.size_ratio: 1
2021/02/19-01:41:38.661968 44bc Options.compaction_options_universal.min_merge_width: 2
2021/02/19-01:41:38.661981 44bc Options.compaction_options_universal.max_merge_width: 4294967295
2021/02/19-01:41:38.661994 44bc Options.compaction_options_universal.max_size_amplification_percent: 200
2021/02/19-01:41:38.662008 44bc Options.compaction_options_universal.compression_size_percent: -1
2021/02/19-01:41:38.662022 44bc Options.compaction_options_universal.stop_style: kCompactionStopStyleTotalSize
2021/02/19-01:41:38.662036 44bc Options.compaction_options_fifo.max_table_files_size: 1073741824
2021/02/19-01:41:38.662051 44bc Options.compaction_options_fifo.allow_compaction: 0
2021/02/19-01:41:38.662064 44bc Options.compaction_options_fifo.ttl: 0
2021/02/19-01:41:38.662078 44bc                   Options.table_properties_collectors: 
2021/02/19-01:41:38.662096 44bc                   Options.inplace_update_support: 0
2021/02/19-01:41:38.662111 44bc                 Options.inplace_update_num_locks: 10000
2021/02/19-01:41:38.662124 44bc               Options.memtable_prefix_bloom_size_ratio: 0.125000
2021/02/19-01:41:38.662139 44bc   Options.memtable_huge_page_size: 0
2021/02/19-01:41:38.662152 44bc                           Options.bloom_locality: 0
2021/02/19-01:41:38.662166 44bc                    Options.max_successive_merges: 0
2021/02/19-01:41:38.662179 44bc                Options.optimize_filters_for_hits: 0
2021/02/19-01:41:38.662193 44bc                Options.paranoid_file_checks: 0
2021/02/19-01:41:38.662206 44bc                Options.force_consistency_checks: 1
2021/02/19-01:41:38.662219 44bc                Options.report_bg_io_stats: 0
2021/02/19-01:41:38.662233 44bc                               Options.ttl: 0
2021/02/19-01:41:38.666099 44bc [db\column_family.cc:474] --------------- Options for column family [Configuration]:
2021/02/19-01:41:38.666154 44bc               Options.comparator: leveldb.BytewiseComparator
2021/02/19-01:41:38.666168 44bc           Options.merge_operator: StringAppendOperator
2021/02/19-01:41:38.666182 44bc        Options.compaction_filter: None
2021/02/19-01:41:38.666195 44bc        Options.compaction_filter_factory: None
2021/02/19-01:41:38.666209 44bc         Options.memtable_factory: SkipListFactory
2021/02/19-01:41:38.666222 44bc            Options.table_factory: BlockBasedTable
2021/02/19-01:41:38.666261 44bc            table_factory options:   flush_block_policy_factory: FlushBlockBySizePolicyFactory (0000020B2C307130)
  cache_index_and_filter_blocks: 0
  cache_index_and_filter_blocks_with_high_priority: 1
  pin_l0_filter_and_index_blocks_in_cache: 1
  pin_top_level_index_and_filter: 1
  index_type: 2
  hash_index_allow_collision: 1
  checksum: 1
  no_block_cache: 0
  block_cache: 0000020B30608B00
  block_cache_name: LRUCache
  block_cache_options:
    capacity : 536870912
    num_shard_bits : 8
    strict_capacity_limit : 0
    memory_allocator : None
    high_pri_pool_ratio: 0.000
  block_cache_compressed: 0000000000000000
  persistent_cache: 0000000000000000
  block_size: 4096
  block_size_deviation: 10
  block_restart_interval: 16
  index_block_restart_interval: 1
  metadata_block_size: 8192
  partition_filters: 1
  use_delta_encoding: 1
  filter_policy: nullptr
  whole_key_filtering: 1
  verify_compression: 0
  read_amp_bytes_per_bit: 0
  format_version: 0
  enable_index_compression: 1
  block_align: 0
2021/02/19-01:41:38.666277 44bc        Options.write_buffer_size: 67108864
2021/02/19-01:41:38.666291 44bc  Options.max_write_buffer_number: 3
2021/02/19-01:41:38.666304 44bc          Options.compression: Snappy
2021/02/19-01:41:38.666318 44bc                  Options.bottommost_compression: Disabled
2021/02/19-01:41:38.666331 44bc       Options.prefix_extractor: rocksdb.FixedPrefix.8
2021/02/19-01:41:38.666344 44bc   Options.memtable_insert_with_hint_prefix_extractor: nullptr
2021/02/19-01:41:38.666362 44bc             Options.num_levels: 7
2021/02/19-01:41:38.666378 44bc        Options.min_write_buffer_number_to_merge: 1
2021/02/19-01:41:38.666392 44bc     Options.max_write_buffer_number_to_maintain: 0
2021/02/19-01:41:38.666405 44bc            Options.bottommost_compression_opts.window_bits: -14
2021/02/19-01:41:38.666418 44bc                  Options.bottommost_compression_opts.level: 32767
2021/02/19-01:41:38.666431 44bc               Options.bottommost_compression_opts.strategy: 0
2021/02/19-01:41:38.666445 44bc         Options.bottommost_compression_opts.max_dict_bytes: 0
2021/02/19-01:41:38.666458 44bc         Options.bottommost_compression_opts.zstd_max_train_bytes: 0
2021/02/19-01:41:38.666471 44bc                  Options.bottommost_compression_opts.enabled: false
2021/02/19-01:41:38.666484 44bc            Options.compression_opts.window_bits: -14
2021/02/19-01:41:38.666498 44bc                  Options.compression_opts.level: 32767
2021/02/19-01:41:38.666511 44bc               Options.compression_opts.strategy: 0
2021/02/19-01:41:38.666524 44bc         Options.compression_opts.max_dict_bytes: 0
2021/02/19-01:41:38.666537 44bc         Options.compression_opts.zstd_max_train_bytes: 0
2021/02/19-01:41:38.666551 44bc                  Options.compression_opts.enabled: false
2021/02/19-01:41:38.666564 44bc      Options.level0_file_num_compaction_trigger: 10
2021/02/19-01:41:38.666577 44bc          Options.level0_slowdown_writes_trigger: 20
2021/02/19-01:41:38.666591 44bc              Options.level0_stop_writes_trigger: 40
2021/02/19-01:41:38.666604 44bc                   Options.target_file_size_base: 67108864
2021/02/19-01:41:38.666617 44bc             Options.target_file_size_multiplier: 1
2021/02/19-01:41:38.666630 44bc                Options.max_bytes_for_level_base: 536870912
2021/02/19-01:41:38.666643 44bc Options.level_compaction_dynamic_level_bytes: 0
2021/02/19-01:41:38.666657 44bc          Options.max_bytes_for_level_multiplier: 10.000000
2021/02/19-01:41:38.666672 44bc Options.max_bytes_for_level_multiplier_addtl[0]: 1
2021/02/19-01:41:38.666685 44bc Options.max_bytes_for_level_multiplier_addtl[1]: 1
2021/02/19-01:41:38.666699 44bc Options.max_bytes_for_level_multiplier_addtl[2]: 1
2021/02/19-01:41:38.666712 44bc Options.max_bytes_for_level_multiplier_addtl[3]: 1
2021/02/19-01:41:38.666725 44bc Options.max_bytes_for_level_multiplier_addtl[4]: 1
2021/02/19-01:41:38.666738 44bc Options.max_bytes_for_level_multiplier_addtl[5]: 1
2021/02/19-01:41:38.666752 44bc Options.max_bytes_for_level_multiplier_addtl[6]: 1
2021/02/19-01:41:38.666765 44bc       Options.max_sequential_skip_in_iterations: 8
2021/02/19-01:41:38.666778 44bc                    Options.max_compaction_bytes: 1677721600
2021/02/19-01:41:38.666791 44bc                        Options.arena_block_size: 8388608
2021/02/19-01:41:38.666805 44bc   Options.soft_pending_compaction_bytes_limit: 68719476736
2021/02/19-01:41:38.666818 44bc   Options.hard_pending_compaction_bytes_limit: 274877906944
2021/02/19-01:41:38.666831 44bc       Options.rate_limit_delay_max_milliseconds: 100
2021/02/19-01:41:38.666844 44bc                Options.disable_auto_compactions: 0
2021/02/19-01:41:38.666859 44bc                        Options.compaction_style: kCompactionStyleLevel
2021/02/19-01:41:38.666873 44bc                          Options.compaction_pri: kByCompensatedSize
2021/02/19-01:41:38.666886 44bc Options.compaction_options_universal.size_ratio: 1
2021/02/19-01:41:38.666899 44bc Options.compaction_options_universal.min_merge_width: 2
2021/02/19-01:41:38.666912 44bc Options.compaction_options_universal.max_merge_width: 4294967295
2021/02/19-01:41:38.666926 44bc Options.compaction_options_universal.max_size_amplification_percent: 200
2021/02/19-01:41:38.666940 44bc Options.compaction_options_universal.compression_size_percent: -1
2021/02/19-01:41:38.666953 44bc Options.compaction_options_universal.stop_style: kCompactionStopStyleTotalSize
2021/02/19-01:41:38.666967 44bc Options.compaction_options_fifo.max_table_files_size: 1073741824
2021/02/19-01:41:38.666982 44bc Options.compaction_options_fifo.allow_compaction: 0
2021/02/19-01:41:38.666996 44bc Options.compaction_options_fifo.ttl: 0
2021/02/19-01:41:38.667010 44bc                   Options.table_properties_collectors: 
2021/02/19-01:41:38.667023 44bc                   Options.inplace_update_support: 0
2021/02/19-01:41:38.667036 44bc                 Options.inplace_update_num_locks: 10000
2021/02/19-01:41:38.667049 44bc               Options.memtable_prefix_bloom_size_ratio: 0.125000
2021/02/19-01:41:38.667066 44bc   Options.memtable_huge_page_size: 0
2021/02/19-01:41:38.667079 44bc                           Options.bloom_locality: 0
2021/02/19-01:41:38.667093 44bc                    Options.max_successive_merges: 0
2021/02/19-01:41:38.667106 44bc                Options.optimize_filters_for_hits: 0
2021/02/19-01:41:38.667120 44bc                Options.paranoid_file_checks: 0
2021/02/19-01:41:38.667133 44bc                Options.force_consistency_checks: 1
2021/02/19-01:41:38.667146 44bc                Options.report_bg_io_stats: 0
2021/02/19-01:41:38.667159 44bc                               Options.ttl: 0
2021/02/19-01:41:38.672977 44bc [db\version_set.cc:3724] Recovered from manifest file:C:\Users\Administrator\Desktop\nacos\data\protocol\raft\naming_persistent_service_v2\log/MANIFEST-000004 succeeded,manifest_file_number is 4, next_file_number is 6, last_sequence is 0, log_number is 0,prev_log_number is 0,max_column_family is 1,min_log_number_to_keep is 0
2021/02/19-01:41:38.673025 44bc [db\version_set.cc:3732] Column family [default] (ID 0), log number is 0
2021/02/19-01:41:38.673040 44bc [db\version_set.cc:3732] Column family [Configuration] (ID 1), log number is 3
2021/02/19-01:41:38.674338 44bc EVENT_LOG_v1 {"time_micros": 1613670098673507, "job": 1, "event": "recovery_started", "log_files": [3]}
2021/02/19-01:41:38.674373 44bc [db\db_impl_open.cc:578] Recovering log #3 mode 2
2021/02/19-01:41:38.678585 44bc EVENT_LOG_v1 {"time_micros": 1613670098678565, "cf_name": "default", "job": 1, "event": "table_file_creation", "file_number": 6, "file_size": 716, "table_properties": {"data_size": 0, "index_size": 13, "filter_size": 0, "raw_key_size": 16, "raw_average_key_size": 0, "raw_value_size": 8, "raw_average_value_size": 0, "num_data_blocks": 0, "num_entries": 0, "filter_policy_name": ""}}
2021/02/19-01:41:38.682562 44bc [db\version_set.cc:3037] Creating manifest 7
2021/02/19-01:41:38.690377 44bc EVENT_LOG_v1 {"time_micros": 1613670098690355, "cf_name": "Configuration", "job": 1, "event": "table_file_creation", "file_number": 8, "file_size": 846, "table_properties": {"data_size": 44, "index_size": 49, "filter_size": 0, "raw_key_size": 42, "raw_average_key_size": 42, "raw_value_size": 16, "raw_average_value_size": 16, "num_data_blocks": 1, "num_entries": 1, "filter_policy_name": ""}}
2021/02/19-01:41:38.696306 44bc EVENT_LOG_v1 {"time_micros": 1613670098696294, "job": 1, "event": "recovery_finished"}
2021/02/19-01:41:38.703727 44bc [db\db_impl_open.cc:1314] DB pointer 0000020B2C0135B0
2021/02/19-01:41:38.704289 3a88 [WARN] [db\db_impl.cc:669] ------- DUMPING STATS -------
2021/02/19-01:41:38.704329 3a88 [WARN] [db\db_impl.cc:670] 
** DB Stats **
Uptime(secs): 0.0 total, 0.0 interval
Cumulative writes: 0 writes, 0 keys, 0 commit groups, 0.0 writes per commit group, ingest: 0.00 GB, 0.00 MB/s
Cumulative WAL: 0 writes, 0 syncs, 0.00 writes per sync, written: 0.00 GB, 0.00 MB/s
Cumulative stall: 00:00:0.000 H:M:S, 0.0 percent
Interval writes: 0 writes, 0 keys, 0 commit groups, 0.0 writes per commit group, ingest: 0.00 MB, 0.00 MB/s
Interval WAL: 0 writes, 0 syncs, 0.00 writes per sync, written: 0.00 MB, 0.00 MB/s
Interval stall: 00:00:0.000 H:M:S, 0.0 percent

** Compaction Stats [default] **
Level    Files   Size     Score Read(GB)  Rn(GB) Rnp1(GB) Write(GB) Wnew(GB) Moved(GB) W-Amp Rd(MB/s) Wr(MB/s) Comp(sec) Comp(cnt) Avg(sec) KeyIn KeyDrop
----------------------------------------------------------------------------------------------------------------------------------------------------------
  L0      1/0    0.70 KB   0.1      0.0     0.0      0.0       0.0      0.0       0.0   1.0      0.0      0.2         0         1    0.004       0      0
 Sum      1/0    0.70 KB   0.0      0.0     0.0      0.0       0.0      0.0       0.0   1.0      0.0      0.2         0         1    0.004       0      0
 Int      0/0    0.00 KB   0.0      0.0     0.0      0.0       0.0      0.0       0.0   1.0      0.0      0.2         0         1    0.004       0      0
Uptime(secs): 0.0 total, 0.0 interval
Flush(GB): cumulative 0.000, interval 0.000
AddFile(GB): cumulative 0.000, interval 0.000
AddFile(Total Files): cumulative 0, interval 0
AddFile(L0 Files): cumulative 0, interval 0
AddFile(Keys): cumulative 0, interval 0
Cumulative compaction: 0.00 GB write, 0.02 MB/s write, 0.00 GB read, 0.00 MB/s read, 0.0 seconds
Interval compaction: 0.00 GB write, 0.02 MB/s write, 0.00 GB read, 0.00 MB/s read, 0.0 seconds
Stalls(count): 0 level0_slowdown, 0 level0_slowdown_with_compaction, 0 level0_numfiles, 0 level0_numfiles_with_compaction, 0 stop for pending_compaction_bytes, 0 slowdown for pending_compaction_bytes, 0 memtable_compaction, 0 memtable_slowdown, interval 0 total count

** File Read Latency Histogram By Level [default] **
** Level 0 read latency histogram (micros):
Count: 5 Average: 6.0000  StdDev: 4.00
Min: 4  Median: 4.0000  Max: 14
Percentiles: P50: 4.00 P75: 4.00 P99: 14.00 P99.9: 14.00 P99.99: 14.00
------------------------------------------------------
(       3,       4 ]        4  80.000%  80.000% ################
(      10,      15 ]        1  20.000% 100.000% ####


** Compaction Stats [Configuration] **
Level    Files   Size     Score Read(GB)  Rn(GB) Rnp1(GB) Write(GB) Wnew(GB) Moved(GB) W-Amp Rd(MB/s) Wr(MB/s) Comp(sec) Comp(cnt) Avg(sec) KeyIn KeyDrop
----------------------------------------------------------------------------------------------------------------------------------------------------------
  L0      1/0    0.83 KB   0.1      0.0     0.0      0.0       0.0      0.0       0.0   1.0      0.0      0.5         0         1    0.002       0      0
 Sum      1/0    0.83 KB   0.0      0.0     0.0      0.0       0.0      0.0       0.0   1.0      0.0      0.5         0         1    0.002       0      0
 Int      0/0    0.00 KB   0.0      0.0     0.0      0.0       0.0      0.0       0.0   1.0      0.0      0.5         0         1    0.002       0      0
Uptime(secs): 0.0 total, 0.0 interval
Flush(GB): cumulative 0.000, interval 0.000
AddFile(GB): cumulative 0.000, interval 0.000
AddFile(Total Files): cumulative 0, interval 0
AddFile(L0 Files): cumulative 0, interval 0
AddFile(Keys): cumulative 0, interval 0
Cumulative compaction: 0.00 GB write, 0.02 MB/s write, 0.00 GB read, 0.00 MB/s read, 0.0 seconds
Interval compaction: 0.00 GB write, 0.02 MB/s write, 0.00 GB read, 0.00 MB/s read, 0.0 seconds
Stalls(count): 0 level0_slowdown, 0 level0_slowdown_with_compaction, 0 level0_numfiles, 0 level0_numfiles_with_compaction, 0 stop for pending_compaction_bytes, 0 slowdown for pending_compaction_bytes, 0 memtable_compaction, 0 memtable_slowdown, interval 0 total count

** File Read Latency Histogram By Level [Configuration] **
** Level 0 read latency histogram (micros):
Count: 6 Average: 5.6667  StdDev: 4.64
Min: 3  Median: 3.3333  Max: 16
Percentiles: P50: 3.33 P75: 3.83 P99: 16.00 P99.9: 16.00 P99.99: 16.00
------------------------------------------------------
(       2,       3 ]        2  33.333%  33.333% #######
(       3,       4 ]        3  50.000%  83.333% ##########
(      15,      22 ]        1  16.667% 100.000% ###


** Compaction Stats [default] **
Level    Files   Size     Score Read(GB)  Rn(GB) Rnp1(GB) Write(GB) Wnew(GB) Moved(GB) W-Amp Rd(MB/s) Wr(MB/s) Comp(sec) Comp(cnt) Avg(sec) KeyIn KeyDrop
----------------------------------------------------------------------------------------------------------------------------------------------------------
  L0      1/0    0.70 KB   0.1      0.0     0.0      0.0       0.0      0.0       0.0   1.0      0.0      0.2         0         1    0.004       0      0
 Sum      1/0    0.70 KB   0.0      0.0     0.0      0.0       0.0      0.0       0.0   1.0      0.0      0.2         0         1    0.004       0      0
 Int      0/0    0.00 KB   0.0      0.0     0.0      0.0       0.0      0.0       0.0   0.0      0.0      0.0         0         0    0.000       0      0
Uptime(secs): 0.0 total, 0.0 interval
Flush(GB): cumulative 0.000, interval 0.000
AddFile(GB): cumulative 0.000, interval 0.000
AddFile(Total Files): cumulative 0, interval 0
AddFile(L0 Files): cumulative 0, interval 0
AddFile(Keys): cumulative 0, interval 0
Cumulative compaction: 0.00 GB write, 0.02 MB/s write, 0.00 GB read, 0.00 MB/s read, 0.0 seconds
Interval compaction: 0.00 GB write, 0.00 MB/s write, 0.00 GB read, 0.00 MB/s read, 0.0 seconds
Stalls(count): 0 level0_slowdown, 0 level0_slowdown_with_compaction, 0 level0_numfiles, 0 level0_numfiles_with_compaction, 0 stop for pending_compaction_bytes, 0 slowdown for pending_compaction_bytes, 0 memtable_compaction, 0 memtable_slowdown, interval 0 total count

** File Read Latency Histogram By Level [default] **
** Level 0 read latency histogram (micros):
Count: 5 Average: 6.0000  StdDev: 4.00
Min: 4  Median: 4.0000  Max: 14
Percentiles: P50: 4.00 P75: 4.00 P99: 14.00 P99.9: 14.00 P99.99: 14.00
------------------------------------------------------
(       3,       4 ]        4  80.000%  80.000% ################
(      10,      15 ]        1  20.000% 100.000% ####


** Compaction Stats [Configuration] **
Level    Files   Size     Score Read(GB)  Rn(GB) Rnp1(GB) Write(GB) Wnew(GB) Moved(GB) W-Amp Rd(MB/s) Wr(MB/s) Comp(sec) Comp(cnt) Avg(sec) KeyIn KeyDrop
----------------------------------------------------------------------------------------------------------------------------------------------------------
  L0      1/0    0.83 KB   0.1      0.0     0.0      0.0       0.0      0.0       0.0   1.0      0.0      0.5         0         1    0.002       0      0
 Sum      1/0    0.83 KB   0.0      0.0     0.0      0.0       0.0      0.0       0.0   1.0      0.0      0.5         0         1    0.002       0      0
 Int      0/0    0.00 KB   0.0      0.0     0.0      0.0       0.0      0.0       0.0   0.0      0.0      0.0         0         0    0.000       0      0
Uptime(secs): 0.0 total, 0.0 interval
Flush(GB): cumulative 0.000, interval 0.000
AddFile(GB): cumulative 0.000, interval 0.000
AddFile(Total Files): cumulative 0, interval 0
AddFile(L0 Files): cumulative 0, interval 0
AddFile(Keys): cumulative 0, interval 0
Cumulative compaction: 0.00 GB write, 0.02 MB/s write, 0.00 GB read, 0.00 MB/s read, 0.0 seconds
Interval compaction: 0.00 GB write, 0.00 MB/s write, 0.00 GB read, 0.00 MB/s read, 0.0 seconds
Stalls(count): 0 level0_slowdown, 0 level0_slowdown_with_compaction, 0 level0_numfiles, 0 level0_numfiles_with_compaction, 0 stop for pending_compaction_bytes, 0 slowdown for pending_compaction_bytes, 0 memtable_compaction, 0 memtable_slowdown, interval 0 total count

** File Read Latency Histogram By Level [Configuration] **
** Level 0 read latency histogram (micros):
Count: 6 Average: 5.6667  StdDev: 4.64
Min: 3  Median: 3.3333  Max: 16
Percentiles: P50: 3.33 P75: 3.83 P99: 16.00 P99.9: 16.00 P99.99: 16.00
------------------------------------------------------
(       2,       3 ]        2  33.333%  33.333% #######
(       3,       4 ]        3  50.000%  83.333% ##########
(      15,      22 ]        1  16.667% 100.000% ###

2021/02/19-01:41:38.705188 3a88 [WARN] [db\db_impl.cc:617] STATISTICS:
 rocksdb.block.cache.miss COUNT : 3
rocksdb.block.cache.hit COUNT : 0
rocksdb.block.cache.add COUNT : 3
rocksdb.block.cache.add.failures COUNT : 0
rocksdb.block.cache.index.miss COUNT : 1
rocksdb.block.cache.index.hit COUNT : 0
rocksdb.block.cache.index.add COUNT : 1
rocksdb.block.cache.index.bytes.insert COUNT : 102
rocksdb.block.cache.index.bytes.evict COUNT : 0
rocksdb.block.cache.filter.miss COUNT : 0
rocksdb.block.cache.filter.hit COUNT : 0
rocksdb.block.cache.filter.add COUNT : 0
rocksdb.block.cache.filter.bytes.insert COUNT : 0
rocksdb.block.cache.filter.bytes.evict COUNT : 0
rocksdb.block.cache.data.miss COUNT : 2
rocksdb.block.cache.data.hit COUNT : 0
rocksdb.block.cache.data.add COUNT : 2
rocksdb.block.cache.data.bytes.insert COUNT : 230
rocksdb.block.cache.bytes.read COUNT : 0
rocksdb.block.cache.bytes.write COUNT : 332
rocksdb.bloom.filter.useful COUNT : 0
rocksdb.bloom.filter.full.positive COUNT : 0
rocksdb.bloom.filter.full.true.positive COUNT : 0
rocksdb.persistent.cache.hit COUNT : 0
rocksdb.persistent.cache.miss COUNT : 0
rocksdb.sim.block.cache.hit COUNT : 0
rocksdb.sim.block.cache.miss COUNT : 0
rocksdb.memtable.hit COUNT : 0
rocksdb.memtable.miss COUNT : 0
rocksdb.l0.hit COUNT : 0
rocksdb.l1.hit COUNT : 0
rocksdb.l2andup.hit COUNT : 0
rocksdb.compaction.key.drop.new COUNT : 0
rocksdb.compaction.key.drop.obsolete COUNT : 0
rocksdb.compaction.key.drop.range_del COUNT : 0
rocksdb.compaction.key.drop.user COUNT : 0
rocksdb.compaction.range_del.drop.obsolete COUNT : 0
rocksdb.compaction.optimized.del.drop.obsolete COUNT : 0
rocksdb.compaction.cancelled COUNT : 0
rocksdb.number.keys.written COUNT : 0
rocksdb.number.keys.read COUNT : 0
rocksdb.number.keys.updated COUNT : 0
rocksdb.bytes.written COUNT : 0
rocksdb.bytes.read COUNT : 0
rocksdb.number.db.seek COUNT : 0
rocksdb.number.db.next COUNT : 0
rocksdb.number.db.prev COUNT : 0
rocksdb.number.db.seek.found COUNT : 0
rocksdb.number.db.next.found COUNT : 0
rocksdb.number.db.prev.found COUNT : 0
rocksdb.db.iter.bytes.read COUNT : 0
rocksdb.no.file.closes COUNT : 0
rocksdb.no.file.opens COUNT : 2
rocksdb.no.file.errors COUNT : 0
rocksdb.l0.slowdown.micros COUNT : 0
rocksdb.memtable.compaction.micros COUNT : 0
rocksdb.l0.num.files.stall.micros COUNT : 0
rocksdb.stall.micros COUNT : 0
rocksdb.db.mutex.wait.micros COUNT : 0
rocksdb.rate.limit.delay.millis COUNT : 0
rocksdb.num.iterators COUNT : 0
rocksdb.number.multiget.get COUNT : 0
rocksdb.number.multiget.keys.read COUNT : 0
rocksdb.number.multiget.bytes.read COUNT : 0
rocksdb.number.deletes.filtered COUNT : 0
rocksdb.number.merge.failures COUNT : 0
rocksdb.bloom.filter.prefix.checked COUNT : 0
rocksdb.bloom.filter.prefix.useful COUNT : 0
rocksdb.number.reseeks.iteration COUNT : 0
rocksdb.getupdatessince.calls COUNT : 0
rocksdb.block.cachecompressed.miss COUNT : 0
rocksdb.block.cachecompressed.hit COUNT : 0
rocksdb.block.cachecompressed.add COUNT : 0
rocksdb.block.cachecompressed.add.failures COUNT : 0
rocksdb.wal.synced COUNT : 0
rocksdb.wal.bytes COUNT : 0
rocksdb.write.self COUNT : 0
rocksdb.write.other COUNT : 0
rocksdb.write.timeout COUNT : 0
rocksdb.write.wal COUNT : 0
rocksdb.compact.read.bytes COUNT : 0
rocksdb.compact.write.bytes COUNT : 1562
rocksdb.flush.write.bytes COUNT : 0
rocksdb.number.direct.load.table.properties COUNT : 0
rocksdb.number.superversion_acquires COUNT : 0
rocksdb.number.superversion_releases COUNT : 0
rocksdb.number.superversion_cleanups COUNT : 0
rocksdb.number.block.compressed COUNT : 1
rocksdb.number.block.decompressed COUNT : 0
rocksdb.number.block.not_compressed COUNT : 0
rocksdb.merge.operation.time.nanos COUNT : 0
rocksdb.filter.operation.time.nanos COUNT : 0
rocksdb.row.cache.hit COUNT : 0
rocksdb.row.cache.miss COUNT : 0
rocksdb.read.amp.estimate.useful.bytes COUNT : 0
rocksdb.read.amp.total.read.bytes COUNT : 0
rocksdb.number.rate_limiter.drains COUNT : 0
rocksdb.number.iter.skip COUNT : 0
rocksdb.blobdb.num.put COUNT : 0
rocksdb.blobdb.num.write COUNT : 0
rocksdb.blobdb.num.get COUNT : 0
rocksdb.blobdb.num.multiget COUNT : 0
rocksdb.blobdb.num.seek COUNT : 0
rocksdb.blobdb.num.next COUNT : 0
rocksdb.blobdb.num.prev COUNT : 0
rocksdb.blobdb.num.keys.written COUNT : 0
rocksdb.blobdb.num.keys.read COUNT : 0
rocksdb.blobdb.bytes.written COUNT : 0
rocksdb.blobdb.bytes.read COUNT : 0
rocksdb.blobdb.write.inlined COUNT : 0
rocksdb.blobdb.write.inlined.ttl COUNT : 0
rocksdb.blobdb.write.blob COUNT : 0
rocksdb.blobdb.write.blob.ttl COUNT : 0
rocksdb.blobdb.blob.file.bytes.written COUNT : 0
rocksdb.blobdb.blob.file.bytes.read COUNT : 0
rocksdb.blobdb.blob.file.synced COUNT : 0
rocksdb.blobdb.blob.index.expired.count COUNT : 0
rocksdb.blobdb.blob.index.expired.size COUNT : 0
rocksdb.blobdb.blob.index.evicted.count COUNT : 0
rocksdb.blobdb.blob.index.evicted.size COUNT : 0
rocksdb.blobdb.gc.num.files COUNT : 0
rocksdb.blobdb.gc.num.new.files COUNT : 0
rocksdb.blobdb.gc.failures COUNT : 0
rocksdb.blobdb.gc.num.keys.overwritten COUNT : 0
rocksdb.blobdb.gc.num.keys.expired COUNT : 0
rocksdb.blobdb.gc.num.keys.relocated COUNT : 0
rocksdb.blobdb.gc.bytes.overwritten COUNT : 0
rocksdb.blobdb.gc.bytes.expired COUNT : 0
rocksdb.blobdb.gc.bytes.relocated COUNT : 0
rocksdb.blobdb.fifo.num.files.evicted COUNT : 0
rocksdb.blobdb.fifo.num.keys.evicted COUNT : 0
rocksdb.blobdb.fifo.bytes.evicted COUNT : 0
rocksdb.txn.overhead.mutex.prepare COUNT : 0
rocksdb.txn.overhead.mutex.old.commit.map COUNT : 0
rocksdb.txn.overhead.duplicate.key COUNT : 0
rocksdb.txn.overhead.mutex.snapshot COUNT : 0
rocksdb.number.multiget.keys.found COUNT : 0
rocksdb.num.iterator.created COUNT : 0
rocksdb.num.iterator.deleted COUNT : 0
rocksdb.db.get.micros P50 : 0.000000 P95 : 0.000000 P99 : 0.000000 P100 : 0.000000 COUNT : 0 SUM : 0
rocksdb.db.write.micros P50 : 0.000000 P95 : 0.000000 P99 : 0.000000 P100 : 0.000000 COUNT : 0 SUM : 0
rocksdb.compaction.times.micros P50 : 0.000000 P95 : 0.000000 P99 : 0.000000 P100 : 0.000000 COUNT : 0 SUM : 0
rocksdb.subcompaction.setup.times.micros P50 : 0.000000 P95 : 0.000000 P99 : 0.000000 P100 : 0.000000 COUNT : 0 SUM : 0
rocksdb.table.sync.micros P50 : 870.000000 P95 : 2227.000000 P99 : 2227.000000 P100 : 2227.000000 COUNT : 2 SUM : 3025
rocksdb.compaction.outfile.sync.micros P50 : 0.000000 P95 : 0.000000 P99 : 0.000000 P100 : 0.000000 COUNT : 0 SUM : 0
rocksdb.wal.file.sync.micros P50 : 0.000000 P95 : 0.000000 P99 : 0.000000 P100 : 0.000000 COUNT : 0 SUM : 0
rocksdb.manifest.file.sync.micros P50 : 1709.000000 P95 : 1731.000000 P99 : 1731.000000 P100 : 1731.000000 COUNT : 2 SUM : 3440
rocksdb.table.open.io.micros P50 : 110.000000 P95 : 266.000000 P99 : 266.000000 P100 : 266.000000 COUNT : 2 SUM : 376
rocksdb.db.multiget.micros P50 : 0.000000 P95 : 0.000000 P99 : 0.000000 P100 : 0.000000 COUNT : 0 SUM : 0
rocksdb.read.block.compaction.micros P50 : 0.000000 P95 : 0.000000 P99 : 0.000000 P100 : 0.000000 COUNT : 0 SUM : 0
rocksdb.read.block.get.micros P50 : 3.500000 P95 : 5.000000 P99 : 5.000000 P100 : 5.000000 COUNT : 3 SUM : 10
rocksdb.write.raw.block.micros P50 : 0.625000 P95 : 5.500000 P99 : 5.900000 P100 : 6.000000 COUNT : 10 SUM : 13
rocksdb.l0.slowdown.count P50 : 0.000000 P95 : 0.000000 P99 : 0.000000 P100 : 0.000000 COUNT : 0 SUM : 0
rocksdb.memtable.compaction.count P50 : 0.000000 P95 : 0.000000 P99 : 0.000000 P100 : 0.000000 COUNT : 0 SUM : 0
rocksdb.num.files.stall.count P50 : 0.000000 P95 : 0.000000 P99 : 0.000000 P100 : 0.000000 COUNT : 0 SUM : 0
rocksdb.hard.rate.limit.delay.count P50 : 0.000000 P95 : 0.000000 P99 : 0.000000 P100 : 0.000000 COUNT : 0 SUM : 0
rocksdb.soft.rate.limit.delay.count P50 : 0.000000 P95 : 0.000000 P99 : 0.000000 P100 : 0.000000 COUNT : 0 SUM : 0
