2021/02/19-01:41:38.919508 44bc RocksDB version: 5.18.4
2021/02/19-01:41:38.919620 44bc Git sha rocksdb_build_git_sha:@b9a4a10659969c71e6f6eab4e4bae8c36ede919f@
2021/02/19-01:41:38.919668 44bc Compile date Mar 11 2020
2021/02/19-01:41:38.919707 44bc DB SUMMARY
2021/02/19-01:41:38.920152 44bc CURRENT file:  CURRENT
2021/02/19-01:41:38.920200 44bc IDENTITY file:  IDENTITY
2021/02/19-01:41:38.920564 44bc MANIFEST file:  MANIFEST-000004 size: 107 Bytes
2021/02/19-01:41:38.920613 44bc SST files in C:\Users\Administrator\Desktop\nacos\data\protocol\raft\naming_instance_metadata\log dir, Total Num: 0, files: 
2021/02/19-01:41:38.920652 44bc Write Ahead Log file in C:\Users\Administrator\Desktop\nacos\data\protocol\raft\naming_instance_metadata\log: 000003.log size: 2049 ; 
2021/02/19-01:41:38.920807 44bc                         Options.error_if_exists: 0
2021/02/19-01:41:38.920826 44bc                       Options.create_if_missing: 1
2021/02/19-01:41:38.920840 44bc                         Options.paranoid_checks: 1
2021/02/19-01:41:38.920854 44bc                                     Options.env: 0000020B2DC15840
2021/02/19-01:41:38.920868 44bc                                Options.info_log: 0000020B2C7EF840
2021/02/19-01:41:38.920882 44bc                Options.max_file_opening_threads: 16
2021/02/19-01:41:38.920896 44bc                              Options.statistics: 0000020B2A1A4CF0
2021/02/19-01:41:38.920909 44bc                               Options.use_fsync: 0
2021/02/19-01:41:38.920923 44bc                       Options.max_log_file_size: 0
2021/02/19-01:41:38.920937 44bc                  Options.max_manifest_file_size: 1073741824
2021/02/19-01:41:38.920950 44bc                   Options.log_file_time_to_roll: 0
2021/02/19-01:41:38.920964 44bc                       Options.keep_log_file_num: 1000
2021/02/19-01:41:38.920978 44bc                    Options.recycle_log_file_num: 0
2021/02/19-01:41:38.920992 44bc                         Options.allow_fallocate: 1
2021/02/19-01:41:38.921006 44bc                        Options.allow_mmap_reads: 0
2021/02/19-01:41:38.921019 44bc                       Options.allow_mmap_writes: 0
2021/02/19-01:41:38.921033 44bc                        Options.use_direct_reads: 0
2021/02/19-01:41:38.921047 44bc                        Options.use_direct_io_for_flush_and_compaction: 0
2021/02/19-01:41:38.921060 44bc          Options.create_missing_column_families: 1
2021/02/19-01:41:38.921074 44bc                              Options.db_log_dir: 
2021/02/19-01:41:38.921088 44bc                                 Options.wal_dir: C:\Users\Administrator\Desktop\nacos\data\protocol\raft\naming_instance_metadata\log
2021/02/19-01:41:38.921102 44bc                Options.table_cache_numshardbits: 6
2021/02/19-01:41:38.921115 44bc                      Options.max_subcompactions: 1
2021/02/19-01:41:38.921129 44bc                  Options.max_background_flushes: 1
2021/02/19-01:41:38.921143 44bc                         Options.WAL_ttl_seconds: 0
2021/02/19-01:41:38.921156 44bc                       Options.WAL_size_limit_MB: 0
2021/02/19-01:41:38.921170 44bc             Options.manifest_preallocation_size: 4194304
2021/02/19-01:41:38.921183 44bc                     Options.is_fd_close_on_exec: 1
2021/02/19-01:41:38.921197 44bc                   Options.advise_random_on_open: 1
2021/02/19-01:41:38.921211 44bc                    Options.db_write_buffer_size: 0
2021/02/19-01:41:38.921224 44bc                    Options.write_buffer_manager: 0000020B2DA993C0
2021/02/19-01:41:38.921238 44bc         Options.access_hint_on_compaction_start: 1
2021/02/19-01:41:38.921252 44bc  Options.new_table_reader_for_compaction_inputs: 0
2021/02/19-01:41:38.921265 44bc           Options.random_access_max_buffer_size: 1048576
2021/02/19-01:41:38.921279 44bc                      Options.use_adaptive_mutex: 0
2021/02/19-01:41:38.921296 44bc                            Options.rate_limiter: 0000000000000000
2021/02/19-01:41:38.921316 44bc     Options.sst_file_manager.rate_bytes_per_sec: 0
2021/02/19-01:41:38.921333 44bc                       Options.wal_recovery_mode: 2
2021/02/19-01:41:38.921390 44bc                  Options.enable_thread_tracking: 0
2021/02/19-01:41:38.921408 44bc                  Options.enable_pipelined_write: 0
2021/02/19-01:41:38.921422 44bc         Options.allow_concurrent_memtable_write: 1
2021/02/19-01:41:38.921436 44bc      Options.enable_write_thread_adaptive_yield: 1
2021/02/19-01:41:38.921449 44bc             Options.write_thread_max_yield_usec: 100
2021/02/19-01:41:38.921463 44bc            Options.write_thread_slow_yield_usec: 3
2021/02/19-01:41:38.921476 44bc                               Options.row_cache: None
2021/02/19-01:41:38.921492 44bc                              Options.wal_filter: None
2021/02/19-01:41:38.921506 44bc             Options.avoid_flush_during_recovery: 0
2021/02/19-01:41:38.921519 44bc             Options.allow_ingest_behind: 0
2021/02/19-01:41:38.921533 44bc             Options.preserve_deletes: 0
2021/02/19-01:41:38.921546 44bc             Options.two_write_queues: 0
2021/02/19-01:41:38.921559 44bc             Options.manual_wal_flush: 0
2021/02/19-01:41:38.921573 44bc             Options.max_background_jobs: 2
2021/02/19-01:41:38.921586 44bc             Options.max_background_compactions: 4
2021/02/19-01:41:38.921600 44bc             Options.avoid_flush_during_shutdown: 0
2021/02/19-01:41:38.921613 44bc           Options.writable_file_max_buffer_size: 1048576
2021/02/19-01:41:38.921627 44bc             Options.delayed_write_rate : 16777216
2021/02/19-01:41:38.921641 44bc             Options.max_total_wal_size: 0
2021/02/19-01:41:38.921654 44bc             Options.delete_obsolete_files_period_micros: 21600000000
2021/02/19-01:41:38.921668 44bc                   Options.stats_dump_period_sec: 600
2021/02/19-01:41:38.921682 44bc                          Options.max_open_files: -1
2021/02/19-01:41:38.921695 44bc                          Options.bytes_per_sync: 0
2021/02/19-01:41:38.921709 44bc                      Options.wal_bytes_per_sync: 0
2021/02/19-01:41:38.921723 44bc       Options.compaction_readahead_size: 0
2021/02/19-01:41:38.921736 44bc Compression algorithms supported:
2021/02/19-01:41:38.921751 44bc 	kZSTD supported: 1
2021/02/19-01:41:38.921765 44bc 	kSnappyCompression supported: 1
2021/02/19-01:41:38.921779 44bc 	kBZip2Compression supported: 0
2021/02/19-01:41:38.921793 44bc 	kZlibCompression supported: 1
2021/02/19-01:41:38.921807 44bc 	kLZ4Compression supported: 1
2021/02/19-01:41:38.921821 44bc 	kXpressCompression supported: 0
2021/02/19-01:41:38.921834 44bc 	kLZ4HCCompression supported: 1
2021/02/19-01:41:38.921848 44bc 	kZSTDNotFinalCompression supported: 1
2021/02/19-01:41:38.921864 44bc Fast CRC32 supported: Supported on x86
2021/02/19-01:41:38.922861 44bc [db\version_set.cc:3508] Recovering from manifest file: MANIFEST-000004
2021/02/19-01:41:38.923008 44bc [db\column_family.cc:474] --------------- Options for column family [default]:
2021/02/19-01:41:38.923028 44bc               Options.comparator: leveldb.BytewiseComparator
2021/02/19-01:41:38.923043 44bc           Options.merge_operator: StringAppendOperator
2021/02/19-01:41:38.923057 44bc        Options.compaction_filter: None
2021/02/19-01:41:38.923070 44bc        Options.compaction_filter_factory: None
2021/02/19-01:41:38.923084 44bc         Options.memtable_factory: SkipListFactory
2021/02/19-01:41:38.923098 44bc            Options.table_factory: BlockBasedTable
2021/02/19-01:41:38.923140 44bc            table_factory options:   flush_block_policy_factory: FlushBlockBySizePolicyFactory (0000020B3049F6C0)
  cache_index_and_filter_blocks: 0
  cache_index_and_filter_blocks_with_high_priority: 1
  pin_l0_filter_and_index_blocks_in_cache: 1
  pin_top_level_index_and_filter: 1
  index_type: 2
  hash_index_allow_collision: 1
  checksum: 1
  no_block_cache: 0
  block_cache: 0000020B30607DF0
  block_cache_name: LRUCache
  block_cache_options:
    capacity : 536870912
    num_shard_bits : 8
    strict_capacity_limit : 0
    memory_allocator : None
    high_pri_pool_ratio: 0.000
  block_cache_compressed: 0000000000000000
  persistent_cache: 0000000000000000
  block_size: 4096
  block_size_deviation: 10
  block_restart_interval: 16
  index_block_restart_interval: 1
  metadata_block_size: 8192
  partition_filters: 1
  use_delta_encoding: 1
  filter_policy: nullptr
  whole_key_filtering: 1
  verify_compression: 0
  read_amp_bytes_per_bit: 0
  format_version: 0
  enable_index_compression: 1
  block_align: 0
2021/02/19-01:41:38.923207 44bc        Options.write_buffer_size: 67108864
2021/02/19-01:41:38.923225 44bc  Options.max_write_buffer_number: 3
2021/02/19-01:41:38.923239 44bc          Options.compression: Snappy
2021/02/19-01:41:38.923253 44bc                  Options.bottommost_compression: Disabled
2021/02/19-01:41:38.923266 44bc       Options.prefix_extractor: rocksdb.FixedPrefix.8
2021/02/19-01:41:38.923280 44bc   Options.memtable_insert_with_hint_prefix_extractor: nullptr
2021/02/19-01:41:38.923297 44bc             Options.num_levels: 7
2021/02/19-01:41:38.923318 44bc        Options.min_write_buffer_number_to_merge: 1
2021/02/19-01:41:38.923337 44bc     Options.max_write_buffer_number_to_maintain: 0
2021/02/19-01:41:38.923352 44bc            Options.bottommost_compression_opts.window_bits: -14
2021/02/19-01:41:38.923366 44bc                  Options.bottommost_compression_opts.level: 32767
2021/02/19-01:41:38.923379 44bc               Options.bottommost_compression_opts.strategy: 0
2021/02/19-01:41:38.923393 44bc         Options.bottommost_compression_opts.max_dict_bytes: 0
2021/02/19-01:41:38.923406 44bc         Options.bottommost_compression_opts.zstd_max_train_bytes: 0
2021/02/19-01:41:38.923420 44bc                  Options.bottommost_compression_opts.enabled: false
2021/02/19-01:41:38.923434 44bc            Options.compression_opts.window_bits: -14
2021/02/19-01:41:38.923447 44bc                  Options.compression_opts.level: 32767
2021/02/19-01:41:38.923461 44bc               Options.compression_opts.strategy: 0
2021/02/19-01:41:38.923475 44bc         Options.compression_opts.max_dict_bytes: 0
2021/02/19-01:41:38.923488 44bc         Options.compression_opts.zstd_max_train_bytes: 0
2021/02/19-01:41:38.923502 44bc                  Options.compression_opts.enabled: false
2021/02/19-01:41:38.923516 44bc      Options.level0_file_num_compaction_trigger: 10
2021/02/19-01:41:38.923529 44bc          Options.level0_slowdown_writes_trigger: 20
2021/02/19-01:41:38.923543 44bc              Options.level0_stop_writes_trigger: 40
2021/02/19-01:41:38.923556 44bc                   Options.target_file_size_base: 67108864
2021/02/19-01:41:38.923570 44bc             Options.target_file_size_multiplier: 1
2021/02/19-01:41:38.923590 44bc                Options.max_bytes_for_level_base: 536870912
2021/02/19-01:41:38.923604 44bc Options.level_compaction_dynamic_level_bytes: 0
2021/02/19-01:41:38.923617 44bc          Options.max_bytes_for_level_multiplier: 10.000000
2021/02/19-01:41:38.923633 44bc Options.max_bytes_for_level_multiplier_addtl[0]: 1
2021/02/19-01:41:38.923646 44bc Options.max_bytes_for_level_multiplier_addtl[1]: 1
2021/02/19-01:41:38.923660 44bc Options.max_bytes_for_level_multiplier_addtl[2]: 1
2021/02/19-01:41:38.923674 44bc Options.max_bytes_for_level_multiplier_addtl[3]: 1
2021/02/19-01:41:38.923688 44bc Options.max_bytes_for_level_multiplier_addtl[4]: 1
2021/02/19-01:41:38.923701 44bc Options.max_bytes_for_level_multiplier_addtl[5]: 1
2021/02/19-01:41:38.923715 44bc Options.max_bytes_for_level_multiplier_addtl[6]: 1
2021/02/19-01:41:38.923728 44bc       Options.max_sequential_skip_in_iterations: 8
2021/02/19-01:41:38.923742 44bc                    Options.max_compaction_bytes: 1677721600
2021/02/19-01:41:38.923755 44bc                        Options.arena_block_size: 8388608
2021/02/19-01:41:38.923769 44bc   Options.soft_pending_compaction_bytes_limit: 68719476736
2021/02/19-01:41:38.923782 44bc   Options.hard_pending_compaction_bytes_limit: 274877906944
2021/02/19-01:41:38.923796 44bc       Options.rate_limit_delay_max_milliseconds: 100
2021/02/19-01:41:38.923809 44bc                Options.disable_auto_compactions: 0
2021/02/19-01:41:38.923824 44bc                        Options.compaction_style: kCompactionStyleLevel
2021/02/19-01:41:38.923842 44bc                          Options.compaction_pri: kByCompensatedSize
2021/02/19-01:41:38.923857 44bc Options.compaction_options_universal.size_ratio: 1
2021/02/19-01:41:38.923871 44bc Options.compaction_options_universal.min_merge_width: 2
2021/02/19-01:41:38.923884 44bc Options.compaction_options_universal.max_merge_width: 4294967295
2021/02/19-01:41:38.923898 44bc Options.compaction_options_universal.max_size_amplification_percent: 200
2021/02/19-01:41:38.923912 44bc Options.compaction_options_universal.compression_size_percent: -1
2021/02/19-01:41:38.923926 44bc Options.compaction_options_universal.stop_style: kCompactionStopStyleTotalSize
2021/02/19-01:41:38.923939 44bc Options.compaction_options_fifo.max_table_files_size: 1073741824
2021/02/19-01:41:38.923953 44bc Options.compaction_options_fifo.allow_compaction: 0
2021/02/19-01:41:38.923966 44bc Options.compaction_options_fifo.ttl: 0
2021/02/19-01:41:38.923980 44bc                   Options.table_properties_collectors: 
2021/02/19-01:41:38.923993 44bc                   Options.inplace_update_support: 0
2021/02/19-01:41:38.924006 44bc                 Options.inplace_update_num_locks: 10000
2021/02/19-01:41:38.924020 44bc               Options.memtable_prefix_bloom_size_ratio: 0.125000
2021/02/19-01:41:38.924034 44bc   Options.memtable_huge_page_size: 0
2021/02/19-01:41:38.924047 44bc                           Options.bloom_locality: 0
2021/02/19-01:41:38.924061 44bc                    Options.max_successive_merges: 0
2021/02/19-01:41:38.924074 44bc                Options.optimize_filters_for_hits: 0
2021/02/19-01:41:38.924088 44bc                Options.paranoid_file_checks: 0
2021/02/19-01:41:38.924101 44bc                Options.force_consistency_checks: 1
2021/02/19-01:41:38.924114 44bc                Options.report_bg_io_stats: 0
2021/02/19-01:41:38.924128 44bc                               Options.ttl: 0
2021/02/19-01:41:38.928198 44bc [db\column_family.cc:474] --------------- Options for column family [Configuration]:
2021/02/19-01:41:38.928247 44bc               Options.comparator: leveldb.BytewiseComparator
2021/02/19-01:41:38.928261 44bc           Options.merge_operator: StringAppendOperator
2021/02/19-01:41:38.928275 44bc        Options.compaction_filter: None
2021/02/19-01:41:38.928289 44bc        Options.compaction_filter_factory: None
2021/02/19-01:41:38.928310 44bc         Options.memtable_factory: SkipListFactory
2021/02/19-01:41:38.928325 44bc            Options.table_factory: BlockBasedTable
2021/02/19-01:41:38.928365 44bc            table_factory options:   flush_block_policy_factory: FlushBlockBySizePolicyFactory (0000020B3049F6C0)
  cache_index_and_filter_blocks: 0
  cache_index_and_filter_blocks_with_high_priority: 1
  pin_l0_filter_and_index_blocks_in_cache: 1
  pin_top_level_index_and_filter: 1
  index_type: 2
  hash_index_allow_collision: 1
  checksum: 1
  no_block_cache: 0
  block_cache: 0000020B30607DF0
  block_cache_name: LRUCache
  block_cache_options:
    capacity : 536870912
    num_shard_bits : 8
    strict_capacity_limit : 0
    memory_allocator : None
    high_pri_pool_ratio: 0.000
  block_cache_compressed: 0000000000000000
  persistent_cache: 0000000000000000
  block_size: 4096
  block_size_deviation: 10
  block_restart_interval: 16
  index_block_restart_interval: 1
  metadata_block_size: 8192
  partition_filters: 1
  use_delta_encoding: 1
  filter_policy: nullptr
  whole_key_filtering: 1
  verify_compression: 0
  read_amp_bytes_per_bit: 0
  format_version: 0
  enable_index_compression: 1
  block_align: 0
2021/02/19-01:41:38.928381 44bc        Options.write_buffer_size: 67108864
2021/02/19-01:41:38.928395 44bc  Options.max_write_buffer_number: 3
2021/02/19-01:41:38.928409 44bc          Options.compression: Snappy
2021/02/19-01:41:38.928423 44bc                  Options.bottommost_compression: Disabled
2021/02/19-01:41:38.928436 44bc       Options.prefix_extractor: rocksdb.FixedPrefix.8
2021/02/19-01:41:38.928450 44bc   Options.memtable_insert_with_hint_prefix_extractor: nullptr
2021/02/19-01:41:38.928531 44bc             Options.num_levels: 7
2021/02/19-01:41:38.928549 44bc        Options.min_write_buffer_number_to_merge: 1
2021/02/19-01:41:38.928562 44bc     Options.max_write_buffer_number_to_maintain: 0
2021/02/19-01:41:38.928576 44bc            Options.bottommost_compression_opts.window_bits: -14
2021/02/19-01:41:38.928590 44bc                  Options.bottommost_compression_opts.level: 32767
2021/02/19-01:41:38.928603 44bc               Options.bottommost_compression_opts.strategy: 0
2021/02/19-01:41:38.928617 44bc         Options.bottommost_compression_opts.max_dict_bytes: 0
2021/02/19-01:41:38.928630 44bc         Options.bottommost_compression_opts.zstd_max_train_bytes: 0
2021/02/19-01:41:38.928644 44bc                  Options.bottommost_compression_opts.enabled: false
2021/02/19-01:41:38.928658 44bc            Options.compression_opts.window_bits: -14
2021/02/19-01:41:38.928671 44bc                  Options.compression_opts.level: 32767
2021/02/19-01:41:38.928685 44bc               Options.compression_opts.strategy: 0
2021/02/19-01:41:38.928698 44bc         Options.compression_opts.max_dict_bytes: 0
2021/02/19-01:41:38.928711 44bc         Options.compression_opts.zstd_max_train_bytes: 0
2021/02/19-01:41:38.928725 44bc                  Options.compression_opts.enabled: false
2021/02/19-01:41:38.928740 44bc      Options.level0_file_num_compaction_trigger: 10
2021/02/19-01:41:38.928754 44bc          Options.level0_slowdown_writes_trigger: 20
2021/02/19-01:41:38.928768 44bc              Options.level0_stop_writes_trigger: 40
2021/02/19-01:41:38.928781 44bc                   Options.target_file_size_base: 67108864
2021/02/19-01:41:38.928795 44bc             Options.target_file_size_multiplier: 1
2021/02/19-01:41:38.928808 44bc                Options.max_bytes_for_level_base: 536870912
2021/02/19-01:41:38.928822 44bc Options.level_compaction_dynamic_level_bytes: 0
2021/02/19-01:41:38.928835 44bc          Options.max_bytes_for_level_multiplier: 10.000000
2021/02/19-01:41:38.928850 44bc Options.max_bytes_for_level_multiplier_addtl[0]: 1
2021/02/19-01:41:38.928864 44bc Options.max_bytes_for_level_multiplier_addtl[1]: 1
2021/02/19-01:41:38.928877 44bc Options.max_bytes_for_level_multiplier_addtl[2]: 1
2021/02/19-01:41:38.928891 44bc Options.max_bytes_for_level_multiplier_addtl[3]: 1
2021/02/19-01:41:38.928904 44bc Options.max_bytes_for_level_multiplier_addtl[4]: 1
2021/02/19-01:41:38.928918 44bc Options.max_bytes_for_level_multiplier_addtl[5]: 1
2021/02/19-01:41:38.928932 44bc Options.max_bytes_for_level_multiplier_addtl[6]: 1
2021/02/19-01:41:38.928945 44bc       Options.max_sequential_skip_in_iterations: 8
2021/02/19-01:41:38.928959 44bc                    Options.max_compaction_bytes: 1677721600
2021/02/19-01:41:38.928972 44bc                        Options.arena_block_size: 8388608
2021/02/19-01:41:38.928986 44bc   Options.soft_pending_compaction_bytes_limit: 68719476736
2021/02/19-01:41:38.928999 44bc   Options.hard_pending_compaction_bytes_limit: 274877906944
2021/02/19-01:41:38.929013 44bc       Options.rate_limit_delay_max_milliseconds: 100
2021/02/19-01:41:38.929027 44bc                Options.disable_auto_compactions: 0
2021/02/19-01:41:38.929042 44bc                        Options.compaction_style: kCompactionStyleLevel
2021/02/19-01:41:38.929056 44bc                          Options.compaction_pri: kByCompensatedSize
2021/02/19-01:41:38.929070 44bc Options.compaction_options_universal.size_ratio: 1
2021/02/19-01:41:38.929083 44bc Options.compaction_options_universal.min_merge_width: 2
2021/02/19-01:41:38.929097 44bc Options.compaction_options_universal.max_merge_width: 4294967295
2021/02/19-01:41:38.929111 44bc Options.compaction_options_universal.max_size_amplification_percent: 200
2021/02/19-01:41:38.929125 44bc Options.compaction_options_universal.compression_size_percent: -1
2021/02/19-01:41:38.929140 44bc Options.compaction_options_universal.stop_style: kCompactionStopStyleTotalSize
2021/02/19-01:41:38.929153 44bc Options.compaction_options_fifo.max_table_files_size: 1073741824
2021/02/19-01:41:38.929216 44bc Options.compaction_options_fifo.allow_compaction: 0
2021/02/19-01:41:38.929233 44bc Options.compaction_options_fifo.ttl: 0
2021/02/19-01:41:38.929247 44bc                   Options.table_properties_collectors: 
2021/02/19-01:41:38.929272 44bc                   Options.inplace_update_support: 0
2021/02/19-01:41:38.929306 44bc                 Options.inplace_update_num_locks: 10000
2021/02/19-01:41:38.929324 44bc               Options.memtable_prefix_bloom_size_ratio: 0.125000
2021/02/19-01:41:38.929341 44bc   Options.memtable_huge_page_size: 0
2021/02/19-01:41:38.929356 44bc                           Options.bloom_locality: 0
2021/02/19-01:41:38.929371 44bc                    Options.max_successive_merges: 0
2021/02/19-01:41:38.929386 44bc                Options.optimize_filters_for_hits: 0
2021/02/19-01:41:38.929401 44bc                Options.paranoid_file_checks: 0
2021/02/19-01:41:38.929416 44bc                Options.force_consistency_checks: 1
2021/02/19-01:41:38.929430 44bc                Options.report_bg_io_stats: 0
2021/02/19-01:41:38.929445 44bc                               Options.ttl: 0
2021/02/19-01:41:38.935967 44bc [db\version_set.cc:3724] Recovered from manifest file:C:\Users\Administrator\Desktop\nacos\data\protocol\raft\naming_instance_metadata\log/MANIFEST-000004 succeeded,manifest_file_number is 4, next_file_number is 6, last_sequence is 0, log_number is 0,prev_log_number is 0,max_column_family is 1,min_log_number_to_keep is 0
2021/02/19-01:41:38.936016 44bc [db\version_set.cc:3732] Column family [default] (ID 0), log number is 0
2021/02/19-01:41:38.936032 44bc [db\version_set.cc:3732] Column family [Configuration] (ID 1), log number is 3
2021/02/19-01:41:38.936436 44bc EVENT_LOG_v1 {"time_micros": 1613670098936425, "job": 1, "event": "recovery_started", "log_files": [3]}
2021/02/19-01:41:38.936461 44bc [db\db_impl_open.cc:578] Recovering log #3 mode 2
2021/02/19-01:41:38.940231 44bc EVENT_LOG_v1 {"time_micros": 1613670098940205, "cf_name": "default", "job": 1, "event": "table_file_creation", "file_number": 6, "file_size": 716, "table_properties": {"data_size": 0, "index_size": 13, "filter_size": 0, "raw_key_size": 16, "raw_average_key_size": 0, "raw_value_size": 8, "raw_average_value_size": 0, "num_data_blocks": 0, "num_entries": 0, "filter_policy_name": ""}}
2021/02/19-01:41:38.944563 44bc [db\version_set.cc:3037] Creating manifest 7
2021/02/19-01:41:38.952845 44bc EVENT_LOG_v1 {"time_micros": 1613670098952822, "cf_name": "Configuration", "job": 1, "event": "table_file_creation", "file_number": 8, "file_size": 846, "table_properties": {"data_size": 44, "index_size": 49, "filter_size": 0, "raw_key_size": 42, "raw_average_key_size": 42, "raw_value_size": 16, "raw_average_value_size": 16, "num_data_blocks": 1, "num_entries": 1, "filter_policy_name": ""}}
2021/02/19-01:41:38.958835 44bc EVENT_LOG_v1 {"time_micros": 1613670098958822, "job": 1, "event": "recovery_finished"}
2021/02/19-01:41:38.967542 44bc [db\db_impl_open.cc:1314] DB pointer 0000020B2DA0FFE0
2021/02/19-01:41:38.968075 31b4 [WARN] [db\db_impl.cc:669] ------- DUMPING STATS -------
2021/02/19-01:41:38.968108 31b4 [WARN] [db\db_impl.cc:670] 
** DB Stats **
Uptime(secs): 0.0 total, 0.0 interval
Cumulative writes: 0 writes, 0 keys, 0 commit groups, 0.0 writes per commit group, ingest: 0.00 GB, 0.00 MB/s
Cumulative WAL: 0 writes, 0 syncs, 0.00 writes per sync, written: 0.00 GB, 0.00 MB/s
Cumulative stall: 00:00:0.000 H:M:S, 0.0 percent
Interval writes: 0 writes, 0 keys, 0 commit groups, 0.0 writes per commit group, ingest: 0.00 MB, 0.00 MB/s
Interval WAL: 0 writes, 0 syncs, 0.00 writes per sync, written: 0.00 MB, 0.00 MB/s
Interval stall: 00:00:0.000 H:M:S, 0.0 percent

** Compaction Stats [default] **
Level    Files   Size     Score Read(GB)  Rn(GB) Rnp1(GB) Write(GB) Wnew(GB) Moved(GB) W-Amp Rd(MB/s) Wr(MB/s) Comp(sec) Comp(cnt) Avg(sec) KeyIn KeyDrop
----------------------------------------------------------------------------------------------------------------------------------------------------------
  L0      1/0    0.70 KB   0.1      0.0     0.0      0.0       0.0      0.0       0.0   1.0      0.0      0.2         0         1    0.003       0      0
 Sum      1/0    0.70 KB   0.0      0.0     0.0      0.0       0.0      0.0       0.0   1.0      0.0      0.2         0         1    0.003       0      0
 Int      0/0    0.00 KB   0.0      0.0     0.0      0.0       0.0      0.0       0.0   1.0      0.0      0.2         0         1    0.003       0      0
Uptime(secs): 0.0 total, 0.0 interval
Flush(GB): cumulative 0.000, interval 0.000
AddFile(GB): cumulative 0.000, interval 0.000
AddFile(Total Files): cumulative 0, interval 0
AddFile(L0 Files): cumulative 0, interval 0
AddFile(Keys): cumulative 0, interval 0
Cumulative compaction: 0.00 GB write, 0.02 MB/s write, 0.00 GB read, 0.00 MB/s read, 0.0 seconds
Interval compaction: 0.00 GB write, 0.02 MB/s write, 0.00 GB read, 0.00 MB/s read, 0.0 seconds
Stalls(count): 0 level0_slowdown, 0 level0_slowdown_with_compaction, 0 level0_numfiles, 0 level0_numfiles_with_compaction, 0 stop for pending_compaction_bytes, 0 slowdown for pending_compaction_bytes, 0 memtable_compaction, 0 memtable_slowdown, interval 0 total count

** File Read Latency Histogram By Level [default] **
** Level 0 read latency histogram (micros):
Count: 5 Average: 6.2000  StdDev: 5.91
Min: 3  Median: 3.0000  Max: 18
Percentiles: P50: 3.00 P75: 3.75 P99: 18.00 P99.9: 18.00 P99.99: 18.00
------------------------------------------------------
(       2,       3 ]        3  60.000%  60.000% ############
(       3,       4 ]        1  20.000%  80.000% ####
(      15,      22 ]        1  20.000% 100.000% ####


** Compaction Stats [Configuration] **
Level    Files   Size     Score Read(GB)  Rn(GB) Rnp1(GB) Write(GB) Wnew(GB) Moved(GB) W-Amp Rd(MB/s) Wr(MB/s) Comp(sec) Comp(cnt) Avg(sec) KeyIn KeyDrop
----------------------------------------------------------------------------------------------------------------------------------------------------------
  L0      1/0    0.83 KB   0.1      0.0     0.0      0.0       0.0      0.0       0.0   1.0      0.0      0.5         0         1    0.002       0      0
 Sum      1/0    0.83 KB   0.0      0.0     0.0      0.0       0.0      0.0       0.0   1.0      0.0      0.5         0         1    0.002       0      0
 Int      0/0    0.00 KB   0.0      0.0     0.0      0.0       0.0      0.0       0.0   1.0      0.0      0.5         0         1    0.002       0      0
Uptime(secs): 0.0 total, 0.0 interval
Flush(GB): cumulative 0.000, interval 0.000
AddFile(GB): cumulative 0.000, interval 0.000
AddFile(Total Files): cumulative 0, interval 0
AddFile(L0 Files): cumulative 0, interval 0
AddFile(Keys): cumulative 0, interval 0
Cumulative compaction: 0.00 GB write, 0.02 MB/s write, 0.00 GB read, 0.00 MB/s read, 0.0 seconds
Interval compaction: 0.00 GB write, 0.02 MB/s write, 0.00 GB read, 0.00 MB/s read, 0.0 seconds
Stalls(count): 0 level0_slowdown, 0 level0_slowdown_with_compaction, 0 level0_numfiles, 0 level0_numfiles_with_compaction, 0 stop for pending_compaction_bytes, 0 slowdown for pending_compaction_bytes, 0 memtable_compaction, 0 memtable_slowdown, interval 0 total count

** File Read Latency Histogram By Level [Configuration] **
** Level 0 read latency histogram (micros):
Count: 7 Average: 6.0000  StdDev: 4.34
Min: 3  Median: 3.2500  Max: 15
Percentiles: P50: 3.25 P75: 7.00 P99: 14.65 P99.9: 14.97 P99.99: 15.00
------------------------------------------------------
(       2,       3 ]        3  42.857%  42.857% #########
(       3,       4 ]        2  28.571%  71.429% ######
(       6,      10 ]        1  14.286%  85.714% ###
(      10,      15 ]        1  14.286% 100.000% ###


** Compaction Stats [default] **
Level    Files   Size     Score Read(GB)  Rn(GB) Rnp1(GB) Write(GB) Wnew(GB) Moved(GB) W-Amp Rd(MB/s) Wr(MB/s) Comp(sec) Comp(cnt) Avg(sec) KeyIn KeyDrop
----------------------------------------------------------------------------------------------------------------------------------------------------------
  L0      1/0    0.70 KB   0.1      0.0     0.0      0.0       0.0      0.0       0.0   1.0      0.0      0.2         0         1    0.003       0      0
 Sum      1/0    0.70 KB   0.0      0.0     0.0      0.0       0.0      0.0       0.0   1.0      0.0      0.2         0         1    0.003       0      0
 Int      0/0    0.00 KB   0.0      0.0     0.0      0.0       0.0      0.0       0.0   0.0      0.0      0.0         0         0    0.000       0      0
Uptime(secs): 0.0 total, 0.0 interval
Flush(GB): cumulative 0.000, interval 0.000
AddFile(GB): cumulative 0.000, interval 0.000
AddFile(Total Files): cumulative 0, interval 0
AddFile(L0 Files): cumulative 0, interval 0
AddFile(Keys): cumulative 0, interval 0
Cumulative compaction: 0.00 GB write, 0.02 MB/s write, 0.00 GB read, 0.00 MB/s read, 0.0 seconds
Interval compaction: 0.00 GB write, 0.00 MB/s write, 0.00 GB read, 0.00 MB/s read, 0.0 seconds
Stalls(count): 0 level0_slowdown, 0 level0_slowdown_with_compaction, 0 level0_numfiles, 0 level0_numfiles_with_compaction, 0 stop for pending_compaction_bytes, 0 slowdown for pending_compaction_bytes, 0 memtable_compaction, 0 memtable_slowdown, interval 0 total count

** File Read Latency Histogram By Level [default] **
** Level 0 read latency histogram (micros):
Count: 5 Average: 6.2000  StdDev: 5.91
Min: 3  Median: 3.0000  Max: 18
Percentiles: P50: 3.00 P75: 3.75 P99: 18.00 P99.9: 18.00 P99.99: 18.00
------------------------------------------------------
(       2,       3 ]        3  60.000%  60.000% ############
(       3,       4 ]        1  20.000%  80.000% ####
(      15,      22 ]        1  20.000% 100.000% ####


** Compaction Stats [Configuration] **
Level    Files   Size     Score Read(GB)  Rn(GB) Rnp1(GB) Write(GB) Wnew(GB) Moved(GB) W-Amp Rd(MB/s) Wr(MB/s) Comp(sec) Comp(cnt) Avg(sec) KeyIn KeyDrop
----------------------------------------------------------------------------------------------------------------------------------------------------------
  L0      1/0    0.83 KB   0.1      0.0     0.0      0.0       0.0      0.0       0.0   1.0      0.0      0.5         0         1    0.002       0      0
 Sum      1/0    0.83 KB   0.0      0.0     0.0      0.0       0.0      0.0       0.0   1.0      0.0      0.5         0         1    0.002       0      0
 Int      0/0    0.00 KB   0.0      0.0     0.0      0.0       0.0      0.0       0.0   0.0      0.0      0.0         0         0    0.000       0      0
Uptime(secs): 0.0 total, 0.0 interval
Flush(GB): cumulative 0.000, interval 0.000
AddFile(GB): cumulative 0.000, interval 0.000
AddFile(Total Files): cumulative 0, interval 0
AddFile(L0 Files): cumulative 0, interval 0
AddFile(Keys): cumulative 0, interval 0
Cumulative compaction: 0.00 GB write, 0.02 MB/s write, 0.00 GB read, 0.00 MB/s read, 0.0 seconds
Interval compaction: 0.00 GB write, 0.00 MB/s write, 0.00 GB read, 0.00 MB/s read, 0.0 seconds
Stalls(count): 0 level0_slowdown, 0 level0_slowdown_with_compaction, 0 level0_numfiles, 0 level0_numfiles_with_compaction, 0 stop for pending_compaction_bytes, 0 slowdown for pending_compaction_bytes, 0 memtable_compaction, 0 memtable_slowdown, interval 0 total count

** File Read Latency Histogram By Level [Configuration] **
** Level 0 read latency histogram (micros):
Count: 7 Average: 6.0000  StdDev: 4.34
Min: 3  Median: 3.2500  Max: 15
Percentiles: P50: 3.25 P75: 7.00 P99: 14.65 P99.9: 14.97 P99.99: 15.00
------------------------------------------------------
(       2,       3 ]        3  42.857%  42.857% #########
(       3,       4 ]        2  28.571%  71.429% ######
(       6,      10 ]        1  14.286%  85.714% ###
(      10,      15 ]        1  14.286% 100.000% ###

2021/02/19-01:41:38.968966 31b4 [WARN] [db\db_impl.cc:617] STATISTICS:
 rocksdb.block.cache.miss COUNT : 4
rocksdb.block.cache.hit COUNT : 1
rocksdb.block.cache.add COUNT : 4
rocksdb.block.cache.add.failures COUNT : 0
rocksdb.block.cache.index.miss COUNT : 1
rocksdb.block.cache.index.hit COUNT : 1
rocksdb.block.cache.index.add COUNT : 1
rocksdb.block.cache.index.bytes.insert COUNT : 102
rocksdb.block.cache.index.bytes.evict COUNT : 0
rocksdb.block.cache.filter.miss COUNT : 0
rocksdb.block.cache.filter.hit COUNT : 0
rocksdb.block.cache.filter.add COUNT : 0
rocksdb.block.cache.filter.bytes.insert COUNT : 0
rocksdb.block.cache.filter.bytes.evict COUNT : 0
rocksdb.block.cache.data.miss COUNT : 3
rocksdb.block.cache.data.hit COUNT : 0
rocksdb.block.cache.data.add COUNT : 3
rocksdb.block.cache.data.bytes.insert COUNT : 355
rocksdb.block.cache.bytes.read COUNT : 102
rocksdb.block.cache.bytes.write COUNT : 457
rocksdb.bloom.filter.useful COUNT : 0
rocksdb.bloom.filter.full.positive COUNT : 0
rocksdb.bloom.filter.full.true.positive COUNT : 0
rocksdb.persistent.cache.hit COUNT : 0
rocksdb.persistent.cache.miss COUNT : 0
rocksdb.sim.block.cache.hit COUNT : 0
rocksdb.sim.block.cache.miss COUNT : 0
rocksdb.memtable.hit COUNT : 0
rocksdb.memtable.miss COUNT : 0
rocksdb.l0.hit COUNT : 0
rocksdb.l1.hit COUNT : 0
rocksdb.l2andup.hit COUNT : 0
rocksdb.compaction.key.drop.new COUNT : 0
rocksdb.compaction.key.drop.obsolete COUNT : 0
rocksdb.compaction.key.drop.range_del COUNT : 0
rocksdb.compaction.key.drop.user COUNT : 0
rocksdb.compaction.range_del.drop.obsolete COUNT : 0
rocksdb.compaction.optimized.del.drop.obsolete COUNT : 0
rocksdb.compaction.cancelled COUNT : 0
rocksdb.number.keys.written COUNT : 0
rocksdb.number.keys.read COUNT : 0
rocksdb.number.keys.updated COUNT : 0
rocksdb.bytes.written COUNT : 0
rocksdb.bytes.read COUNT : 0
rocksdb.number.db.seek COUNT : 2
rocksdb.number.db.next COUNT : 1
rocksdb.number.db.prev COUNT : 0
rocksdb.number.db.seek.found COUNT : 1
rocksdb.number.db.next.found COUNT : 0
rocksdb.number.db.prev.found COUNT : 0
rocksdb.db.iter.bytes.read COUNT : 26
rocksdb.no.file.closes COUNT : 0
rocksdb.no.file.opens COUNT : 2
rocksdb.no.file.errors COUNT : 0
rocksdb.l0.slowdown.micros COUNT : 0
rocksdb.memtable.compaction.micros COUNT : 0
rocksdb.l0.num.files.stall.micros COUNT : 0
rocksdb.stall.micros COUNT : 0
rocksdb.db.mutex.wait.micros COUNT : 0
rocksdb.rate.limit.delay.millis COUNT : 0
rocksdb.num.iterators COUNT : 0
rocksdb.number.multiget.get COUNT : 0
rocksdb.number.multiget.keys.read COUNT : 0
rocksdb.number.multiget.bytes.read COUNT : 0
rocksdb.number.deletes.filtered COUNT : 0
rocksdb.number.merge.failures COUNT : 0
rocksdb.bloom.filter.prefix.checked COUNT : 0
rocksdb.bloom.filter.prefix.useful COUNT : 0
rocksdb.number.reseeks.iteration COUNT : 0
rocksdb.getupdatessince.calls COUNT : 0
rocksdb.block.cachecompressed.miss COUNT : 0
rocksdb.block.cachecompressed.hit COUNT : 0
rocksdb.block.cachecompressed.add COUNT : 0
rocksdb.block.cachecompressed.add.failures COUNT : 0
rocksdb.wal.synced COUNT : 0
rocksdb.wal.bytes COUNT : 0
rocksdb.write.self COUNT : 0
rocksdb.write.other COUNT : 0
rocksdb.write.timeout COUNT : 0
rocksdb.write.wal COUNT : 0
rocksdb.compact.read.bytes COUNT : 0
rocksdb.compact.write.bytes COUNT : 1562
rocksdb.flush.write.bytes COUNT : 0
rocksdb.number.direct.load.table.properties COUNT : 0
rocksdb.number.superversion_acquires COUNT : 2
rocksdb.number.superversion_releases COUNT : 0
rocksdb.number.superversion_cleanups COUNT : 0
rocksdb.number.block.compressed COUNT : 1
rocksdb.number.block.decompressed COUNT : 1
rocksdb.number.block.not_compressed COUNT : 0
rocksdb.merge.operation.time.nanos COUNT : 0
rocksdb.filter.operation.time.nanos COUNT : 0
rocksdb.row.cache.hit COUNT : 0
rocksdb.row.cache.miss COUNT : 0
rocksdb.read.amp.estimate.useful.bytes COUNT : 0
rocksdb.read.amp.total.read.bytes COUNT : 0
rocksdb.number.rate_limiter.drains COUNT : 0
rocksdb.number.iter.skip COUNT : 0
rocksdb.blobdb.num.put COUNT : 0
rocksdb.blobdb.num.write COUNT : 0
rocksdb.blobdb.num.get COUNT : 0
rocksdb.blobdb.num.multiget COUNT : 0
rocksdb.blobdb.num.seek COUNT : 0
rocksdb.blobdb.num.next COUNT : 0
rocksdb.blobdb.num.prev COUNT : 0
rocksdb.blobdb.num.keys.written COUNT : 0
rocksdb.blobdb.num.keys.read COUNT : 0
rocksdb.blobdb.bytes.written COUNT : 0
rocksdb.blobdb.bytes.read COUNT : 0
rocksdb.blobdb.write.inlined COUNT : 0
rocksdb.blobdb.write.inlined.ttl COUNT : 0
rocksdb.blobdb.write.blob COUNT : 0
rocksdb.blobdb.write.blob.ttl COUNT : 0
rocksdb.blobdb.blob.file.bytes.written COUNT : 0
rocksdb.blobdb.blob.file.bytes.read COUNT : 0
rocksdb.blobdb.blob.file.synced COUNT : 0
rocksdb.blobdb.blob.index.expired.count COUNT : 0
rocksdb.blobdb.blob.index.expired.size COUNT : 0
rocksdb.blobdb.blob.index.evicted.count COUNT : 0
rocksdb.blobdb.blob.index.evicted.size COUNT : 0
rocksdb.blobdb.gc.num.files COUNT : 0
rocksdb.blobdb.gc.num.new.files COUNT : 0
rocksdb.blobdb.gc.failures COUNT : 0
rocksdb.blobdb.gc.num.keys.overwritten COUNT : 0
rocksdb.blobdb.gc.num.keys.expired COUNT : 0
rocksdb.blobdb.gc.num.keys.relocated COUNT : 0
rocksdb.blobdb.gc.bytes.overwritten COUNT : 0
rocksdb.blobdb.gc.bytes.expired COUNT : 0
rocksdb.blobdb.gc.bytes.relocated COUNT : 0
rocksdb.blobdb.fifo.num.files.evicted COUNT : 0
rocksdb.blobdb.fifo.num.keys.evicted COUNT : 0
rocksdb.blobdb.fifo.bytes.evicted COUNT : 0
rocksdb.txn.overhead.mutex.prepare COUNT : 0
rocksdb.txn.overhead.mutex.old.commit.map COUNT : 0
rocksdb.txn.overhead.duplicate.key COUNT : 0
rocksdb.txn.overhead.mutex.snapshot COUNT : 0
rocksdb.number.multiget.keys.found COUNT : 0
rocksdb.num.iterator.created COUNT : 2
rocksdb.num.iterator.deleted COUNT : 2
rocksdb.db.get.micros P50 : 0.000000 P95 : 0.000000 P99 : 0.000000 P100 : 0.000000 COUNT : 0 SUM : 0
rocksdb.db.write.micros P50 : 0.000000 P95 : 0.000000 P99 : 0.000000 P100 : 0.000000 COUNT : 0 SUM : 0
rocksdb.compaction.times.micros P50 : 0.000000 P95 : 0.000000 P99 : 0.000000 P100 : 0.000000 COUNT : 0 SUM : 0
rocksdb.subcompaction.setup.times.micros P50 : 0.000000 P95 : 0.000000 P99 : 0.000000 P100 : 0.000000 COUNT : 0 SUM : 0
rocksdb.table.sync.micros P50 : 870.000000 P95 : 2310.000000 P99 : 2310.000000 P100 : 2310.000000 COUNT : 2 SUM : 3137
rocksdb.compaction.outfile.sync.micros P50 : 0.000000 P95 : 0.000000 P99 : 0.000000 P100 : 0.000000 COUNT : 0 SUM : 0
rocksdb.wal.file.sync.micros P50 : 0.000000 P95 : 0.000000 P99 : 0.000000 P100 : 0.000000 COUNT : 0 SUM : 0
rocksdb.manifest.file.sync.micros P50 : 1729.000000 P95 : 1744.000000 P99 : 1744.000000 P100 : 1744.000000 COUNT : 2 SUM : 3473
rocksdb.table.open.io.micros P50 : 134.000000 P95 : 134.000000 P99 : 134.000000 P100 : 134.000000 COUNT : 2 SUM : 248
rocksdb.db.multiget.micros P50 : 0.000000 P95 : 0.000000 P99 : 0.000000 P100 : 0.000000 COUNT : 0 SUM : 0
rocksdb.read.block.compaction.micros P50 : 0.000000 P95 : 0.000000 P99 : 0.000000 P100 : 0.000000 COUNT : 0 SUM : 0
rocksdb.read.block.get.micros P50 : 4.000000 P95 : 18.000000 P99 : 18.000000 P100 : 18.000000 COUNT : 4 SUM : 27
rocksdb.write.raw.block.micros P50 : 0.625000 P95 : 3.500000 P99 : 3.900000 P100 : 4.000000 COUNT : 10 SUM : 8
rocksdb.l0.slowdown.count P50 : 0.000000 P95 : 0.000000 P99 : 0.000000 P100 : 0.000000 COUNT : 0 SUM : 0
rocksdb.memtable.compaction.count P50 : 0.000000 P95 : 0.000000 P99 : 0.000000 P100 : 0.000000 COUNT : 0 SUM : 0
rocksdb.num.files.stall.count P50 : 0.000000 P95 : 0.000000 P99 : 0.000000 P100 : 0.000000 COUNT : 0 SUM : 0
rocksdb.hard.rate.limit.delay.count P50 : 0.000000 P95 : 0.000000 P99 : 0.000000 P100 : 0.000000 COUNT : 0 SUM : 0
